idx,question
